character #1, character #2, similarity
1, 0, 0.3585258894959005
0, 1, 0.3585258894959005
2, 0, 0.5278631522464252
0, 2, 0.5278631522464252
3, 0, 0.5810173885883849
0, 3, 0.5810173885883849
4, 0, 0.5375446278382082
0, 4, 0.5375446278382082
5, 0, 0.5664712095265177
0, 5, 0.5664712095265177
6, 0, 0.7068545382607847
0, 6, 0.7068545382607847
7, 0, 0.38691925744308825
0, 7, 0.38691925744308825
8, 0, 0.797165970031334
0, 8, 0.797165970031334
9, 0, 0.7317873090602188
0, 9, 0.7317873090602188
A, 0, 0.6111698816507011
0, A, 0.6111698816507011
a, 0, 0.6116184400292747
0, a, 0.6116184400292747
B, 0, 0.7895221595523462
0, B, 0.7895221595523462
b, 0, 0.6171416656666625
0, b, 0.6171416656666625
C, 0, 0.5196133578525702
0, C, 0.5196133578525702
c, 0, 0.43158295888253445
0, c, 0.43158295888253445
D, 0, 0.6899620921550855
0, D, 0.6899620921550855
d, 0, 0.5669538612324846
0, d, 0.5669538612324846
E, 0, 0.5520860163661238
0, E, 0.5520860163661238
e, 0, 0.6472631812621424
0, e, 0.6472631812621424
F, 0, 0.4530690943803581
0, F, 0.4530690943803581
f, 0, 0.5151017298248317
0, f, 0.5151017298248317
G, 0, 0.7021057181888773
0, G, 0.7021057181888773
g, 0, 0.7244369623283506
0, g, 0.7244369623283506
H, 0, 0.5371551970390999
0, H, 0.5371551970390999
h, 0, 0.5240156424790747
0, h, 0.5240156424790747
I, 0, 0.30516397752557206
0, I, 0.30516397752557206
i, 0, 0.2819931974543294
0, i, 0.2819931974543294
J, 0, 0.43933269383026263
0, J, 0.43933269383026263
j, 0, 0.38332861546107244
0, j, 0.38332861546107244
K, 0, 0.5289863195449355
0, K, 0.5289863195449355
k, 0, 0.5535096005831172
0, k, 0.5535096005831172
L, 0, 0.305598886822961
0, L, 0.305598886822961
l, 0, 0.2824410890628773
0, l, 0.2824410890628773
M, 0, 0.6366535540779654
0, M, 0.6366535540779654
m, 0, 0.5617671959482965
0, m, 0.5617671959482965
N, 0, 0.649177897666971
0, N, 0.649177897666971
n, 0, 0.47712125471966244
0, n, 0.47712125471966244
O, 0, 0.8266487783103477
0, O, 0.8266487783103477
o, 0, 0.6093838492402347
0, o, 0.6093838492402347
P, 0, 0.6219453294475105
0, P, 0.6219453294475105
p, 0, 0.5949981368404755
0, p, 0.5949981368404755
Q, 0, 0.6398168414742644
0, Q, 0.6398168414742644
q, 0, 0.6137334311643557
0, q, 0.6137334311643557
R, 0, 0.6310039828789874
0, R, 0.6310039828789874
r, 0, 0.36387083352417166
0, r, 0.36387083352417166
S, 0, 0.6004408607282947
0, S, 0.6004408607282947
s, 0, 0.48867378403904155
0, s, 0.48867378403904155
T, 0, 0.34449568944507153
0, T, 0.34449568944507153
t, 0, 0.49266213553191845
0, t, 0.49266213553191845
U, 0, 0.6312987867110733
0, U, 0.6312987867110733
u, 0, 0.48686044327557326
0, u, 0.48686044327557326
V, 0, 0.531011347126031
0, V, 0.531011347126031
v, 0, 0.39491355404184975
0, v, 0.39491355404184975
W, 0, 0.6305910799141269
0, W, 0.6305910799141269
w, 0, 0.5811173804111515
0, w, 0.5811173804111515
X, 0, 0.4998045589348662
0, X, 0.4998045589348662
x, 0, 0.4487401623520939
0, x, 0.4487401623520939
Y, 0, 0.36579090133849385
0, Y, 0.36579090133849385
y, 0, 0.4115393814645681
0, y, 0.4115393814645681
Z, 0, 0.507601803330287
0, Z, 0.507601803330287
z, 0, 0.366867475670004
0, z, 0.366867475670004
2, 1, 0.507919587051385
1, 2, 0.507919587051385
3, 1, 0.4530830138522236
1, 3, 0.4530830138522236
4, 1, 0.45522750378090815
1, 4, 0.45522750378090815
5, 1, 0.35369215442396507
1, 5, 0.35369215442396507
6, 1, 0.35127109179174176
1, 6, 0.35127109179174176
7, 1, 0.33270810569965503
1, 7, 0.33270810569965503
8, 1, 0.3784474758523859
1, 8, 0.3784474758523859
9, 1, 0.35990431041643806
1, 9, 0.35990431041643806
A, 1, 0.406761459186846
1, A, 0.406761459186846
a, 1, 0.44279042404892427
1, a, 0.44279042404892427
B, 1, 0.4104960456160737
1, B, 0.4104960456160737
b, 1, 0.39169922290187204
1, b, 0.39169922290187204
C, 1, 0.34946007608598323
1, C, 0.34946007608598323
c, 1, 0.3026596203974894
1, c, 0.3026596203974894
D, 1, 0.34932060013095606
1, D, 0.34932060013095606
d, 1, 0.4640282257358992
1, d, 0.4640282257358992
E, 1, 0.4723223718378937
1, E, 0.4723223718378937
e, 1, 0.27513540157642347
1, e, 0.27513540157642347
F, 1, 0.32112246501513014
1, F, 0.32112246501513014
f, 1, 0.35159602986301053
1, f, 0.35159602986301053
G, 1, 0.3283040805306432
1, G, 0.3283040805306432
g, 1, 0.34702294000212497
1, g, 0.34702294000212497
H, 1, 0.2741105816883281
1, H, 0.2741105816883281
h, 1, 0.3772712904039025
1, h, 0.3772712904039025
I, 1, 0.7579850247712845
1, I, 0.7579850247712845
i, 1, 0.7262245215403331
1, i, 0.7262245215403331
J, 1, 0.6575773191777938
1, J, 0.6575773191777938
j, 1, 0.4624217304862952
1, j, 0.4624217304862952
K, 1, 0.3699897413057539
1, K, 0.3699897413057539
k, 1, 0.3881250263784389
1, k, 0.3881250263784389
L, 1, 0.627021687466912
1, L, 0.627021687466912
l, 1, 0.8106221356219474
1, l, 0.8106221356219474
M, 1, 0.25719057455866884
1, M, 0.25719057455866884
m, 1, 0.31633928850099985
1, m, 0.31633928850099985
N, 1, 0.31062805441451746
1, N, 0.31062805441451746
n, 1, 0.37905466451166386
1, n, 0.37905466451166386
O, 1, 0.3459971411805044
1, O, 0.3459971411805044
o, 1, 0.3144767193912276
1, o, 0.3144767193912276
P, 1, 0.29493147745253057
1, P, 0.29493147745253057
p, 1, 0.3249563220074518
1, p, 0.3249563220074518
Q, 1, 0.27543885272993546
1, Q, 0.27543885272993546
q, 1, 0.377072290129124
1, q, 0.377072290129124
R, 1, 0.4538420651593752
1, R, 0.4538420651593752
r, 1, 0.27771824841551357
1, r, 0.27771824841551357
S, 1, 0.44573944002358945
1, S, 0.44573944002358945
s, 1, 0.3654994515632499
1, s, 0.3654994515632499
T, 1, 0.47261783671926283
1, T, 0.47261783671926283
t, 1, 0.5333722768126128
1, t, 0.5333722768126128
U, 1, 0.37220558678709303
1, U, 0.37220558678709303
u, 1, 0.3626233186547882
1, u, 0.3626233186547882
V, 1, 0.3393079812809125
1, V, 0.3393079812809125
v, 1, 0.20311616468439653
1, v, 0.20311616468439653
W, 1, 0.2390966082980626
1, W, 0.2390966082980626
w, 1, 0.20497118308893877
1, w, 0.20497118308893877
X, 1, 0.3337985221788431
1, X, 0.3337985221788431
x, 1, 0.28059612291410646
1, x, 0.28059612291410646
Y, 1, 0.2510287545995531
1, Y, 0.2510287545995531
y, 1, 0.2975296181962282
1, y, 0.2975296181962282
Z, 1, 0.5324008084152362
1, Z, 0.5324008084152362
z, 1, 0.36598099144336166
1, z, 0.36598099144336166
3, 2, 0.5950371312335461
2, 3, 0.5950371312335461
4, 2, 0.44974238083202694
2, 4, 0.44974238083202694
5, 2, 0.4104817127013712
2, 5, 0.4104817127013712
6, 2, 0.4048259091488696
2, 6, 0.4048259091488696
7, 2, 0.5542384151403702
2, 7, 0.5542384151403702
8, 2, 0.6030970245252414
2, 8, 0.6030970245252414
9, 2, 0.5330979104620236
2, 9, 0.5330979104620236
A, 2, 0.5016183843625925
2, A, 0.5016183843625925
a, 2, 0.551202405721732
2, a, 0.551202405721732
B, 2, 0.5503531682540861
2, B, 0.5503531682540861
b, 2, 0.3921104650113138
2, b, 0.3921104650113138
C, 2, 0.39475834988584835
2, C, 0.39475834988584835
c, 2, 0.3093433887121414
2, c, 0.3093433887121414
D, 2, 0.47800847562455584
2, D, 0.47800847562455584
d, 2, 0.42819122574829915
2, d, 0.42819122574829915
E, 2, 0.4657206439640625
2, E, 0.4657206439640625
e, 2, 0.40982507288846415
2, e, 0.40982507288846415
F, 2, 0.2668512266071834
2, F, 0.2668512266071834
f, 2, 0.31416301093526366
2, f, 0.31416301093526366
G, 2, 0.47249285053759144
2, G, 0.47249285053759144
g, 2, 0.6203682039806275
2, g, 0.6203682039806275
H, 2, 0.306311696251846
2, H, 0.306311696251846
h, 2, 0.28822986742241397
2, h, 0.28822986742241397
I, 2, 0.45561713542433757
2, I, 0.45561713542433757
i, 2, 0.4472029219807318
2, i, 0.4472029219807318
J, 2, 0.5144026399331769
2, J, 0.5144026399331769
j, 2, 0.4279772742424661
2, j, 0.4279772742424661
K, 2, 0.4810874419372638
2, K, 0.4810874419372638
k, 2, 0.5059638876306083
2, k, 0.5059638876306083
L, 2, 0.31851674841814814
2, L, 0.31851674841814814
l, 2, 0.39154380348724116
2, l, 0.39154380348724116
M, 2, 0.40687642442117433
2, M, 0.40687642442117433
m, 2, 0.3482386707813793
2, m, 0.3482386707813793
N, 2, 0.5054456290508224
2, N, 0.5054456290508224
n, 2, 0.2998810677930967
2, n, 0.2998810677930967
O, 2, 0.4680000337267937
2, O, 0.4680000337267937
o, 2, 0.4142152426603797
2, o, 0.4142152426603797
P, 2, 0.4499875885165563
2, P, 0.4499875885165563
p, 2, 0.44897679641336335
2, p, 0.44897679641336335
Q, 2, 0.3967149176427313
2, Q, 0.3967149176427313
q, 2, 0.45517292053329017
2, q, 0.45517292053329017
R, 2, 0.5693636709660259
2, R, 0.5693636709660259
r, 2, 0.206627203710775
2, r, 0.206627203710775
S, 2, 0.5228787452803376
2, S, 0.5228787452803376
s, 2, 0.38418811097222455
2, s, 0.38418811097222455
T, 2, 0.3049704781387795
2, T, 0.3049704781387795
t, 2, 0.46084602073132036
2, t, 0.46084602073132036
U, 2, 0.437897335526127
2, U, 0.437897335526127
u, 2, 0.38874824796080903
2, u, 0.38874824796080903
V, 2, 0.43095313923836875
2, V, 0.43095313923836875
v, 2, 0.333503598759024
2, v, 0.333503598759024
W, 2, 0.4213019140051543
2, W, 0.4213019140051543
w, 2, 0.3469066505776891
2, w, 0.3469066505776891
X, 2, 0.5780787758859011
2, X, 0.5780787758859011
x, 2, 0.4327478133036706
2, x, 0.4327478133036706
Y, 2, 0.3694873763198329
2, Y, 0.3694873763198329
y, 2, 0.4758971502759427
2, y, 0.4758971502759427
Z, 2, 0.7144269553998441
2, Z, 0.7144269553998441
z, 2, 0.5134764991862736
2, z, 0.5134764991862736
4, 3, 0.4502447762264348
3, 4, 0.4502447762264348
5, 3, 0.6578176370748618
3, 5, 0.6578176370748618
6, 3, 0.5041677815607339
3, 6, 0.5041677815607339
7, 3, 0.4713980819167761
3, 7, 0.4713980819167761
8, 3, 0.6786032329397955
3, 8, 0.6786032329397955
9, 3, 0.5763430270217014
3, 9, 0.5763430270217014
A, 3, 0.4893503279102682
3, A, 0.4893503279102682
a, 3, 0.48743846583965933
3, a, 0.48743846583965933
B, 3, 0.7027762905923899
3, B, 0.7027762905923899
b, 3, 0.39441118905592887
3, b, 0.39441118905592887
C, 3, 0.2975496549165592
3, C, 0.2975496549165592
c, 3, 0.3032773201193345
3, c, 0.3032773201193345
D, 3, 0.48356901127040497
3, D, 0.48356901127040497
d, 3, 0.5020589013427641
3, d, 0.5020589013427641
E, 3, 0.49231275361473376
3, E, 0.49231275361473376
e, 3, 0.37643588937671274
3, e, 0.37643588937671274
F, 3, 0.3059967542656228
3, F, 0.3059967542656228
f, 3, 0.32005323297741156
3, f, 0.32005323297741156
G, 3, 0.4913616938342727
3, G, 0.4913616938342727
g, 3, 0.5736570372160634
3, g, 0.5736570372160634
H, 3, 0.4146243067771027
3, H, 0.4146243067771027
h, 3, 0.3286549121854785
3, h, 0.3286549121854785
I, 3, 0.4243808164926492
3, I, 0.4243808164926492
i, 3, 0.4128315640733827
3, i, 0.4128315640733827
J, 3, 0.6462042874769662
3, J, 0.6462042874769662
j, 3, 0.5245083700138458
3, j, 0.5245083700138458
K, 3, 0.44618500371658687
3, K, 0.44618500371658687
k, 3, 0.4520265334912686
3, k, 0.4520265334912686
L, 3, 0.2841194945733181
3, L, 0.2841194945733181
l, 3, 0.4429884468598589
3, l, 0.4429884468598589
M, 3, 0.36510382344886416
3, M, 0.36510382344886416
m, 3, 0.2915332212644132
3, m, 0.2915332212644132
N, 3, 0.47309592947555473
3, N, 0.47309592947555473
n, 3, 0.3010299956639812
3, n, 0.3010299956639812
O, 3, 0.4791247136305339
3, O, 0.4791247136305339
o, 3, 0.34978263245401575
3, o, 0.34978263245401575
P, 3, 0.4572926705442879
3, P, 0.4572926705442879
p, 3, 0.36586855551426256
3, p, 0.36586855551426256
Q, 3, 0.408892729337541
3, Q, 0.408892729337541
q, 3, 0.41654848117235876
3, q, 0.41654848117235876
R, 3, 0.5813305064692182
3, R, 0.5813305064692182
r, 3, 0.18921293637758627
3, r, 0.18921293637758627
S, 3, 0.6728331888116285
3, S, 0.6728331888116285
s, 3, 0.4777797756675213
3, s, 0.4777797756675213
T, 3, 0.40122267344604523
3, T, 0.40122267344604523
t, 3, 0.3689376141862919
3, t, 0.3689376141862919
U, 3, 0.46605582856950245
3, U, 0.46605582856950245
u, 3, 0.34324336273767
3, u, 0.34324336273767
V, 3, 0.3228203304677622
3, V, 0.3228203304677622
v, 3, 0.25741317363913824
3, v, 0.25741317363913824
W, 3, 0.40796613978199103
3, W, 0.40796613978199103
w, 3, 0.33910504399470065
3, w, 0.33910504399470065
X, 3, 0.4741681146920375
3, X, 0.4741681146920375
x, 3, 0.40628062543989735
3, x, 0.40628062543989735
Y, 3, 0.293065780205341
3, Y, 0.293065780205341
y, 3, 0.4256492806345579
3, y, 0.4256492806345579
Z, 3, 0.5055294405388074
3, Z, 0.5055294405388074
z, 3, 0.3705840884316104
3, z, 0.3705840884316104
5, 4, 0.3902110870101331
4, 5, 0.3902110870101331
6, 4, 0.4800458077369791
4, 6, 0.4800458077369791
7, 4, 0.28455380138311676
4, 7, 0.28455380138311676
8, 4, 0.49727440722025784
4, 8, 0.49727440722025784
9, 4, 0.4906037626089118
4, 9, 0.4906037626089118
A, 4, 0.6510212309333211
4, A, 0.6510212309333211
a, 4, 0.6336825343623818
4, a, 0.6336825343623818
B, 4, 0.46611119855515826
4, B, 0.46611119855515826
b, 4, 0.4336267720696541
4, b, 0.4336267720696541
C, 4, 0.32277514323622597
4, C, 0.32277514323622597
c, 4, 0.5167618204706557
4, c, 0.5167618204706557
D, 4, 0.3251701890325751
4, D, 0.3251701890325751
d, 4, 0.5291609980719372
4, d, 0.5291609980719372
E, 4, 0.3511397937643477
4, E, 0.3511397937643477
e, 4, 0.5353348370590889
4, e, 0.5353348370590889
F, 4, 0.3390320215278941
4, F, 0.3390320215278941
f, 4, 0.4002078701278597
4, f, 0.4002078701278597
G, 4, 0.42362751645737867
4, G, 0.42362751645737867
g, 4, 0.505017389559327
4, g, 0.505017389559327
H, 4, 0.4101417264450397
4, H, 0.4101417264450397
h, 4, 0.41740744616933245
4, h, 0.41740744616933245
I, 4, 0.355315281604121
4, I, 0.355315281604121
i, 4, 0.48357661772768995
4, i, 0.48357661772768995
J, 4, 0.4056392261070506
4, J, 0.4056392261070506
j, 4, 0.3206846836604512
4, j, 0.3206846836604512
K, 4, 0.5267913346433876
4, K, 0.5267913346433876
k, 4, 0.47650127676726056
4, k, 0.47650127676726056
L, 4, 0.35094344599581406
4, L, 0.35094344599581406
l, 4, 0.43338336131706146
4, l, 0.43338336131706146
M, 4, 0.4709734040829134
4, M, 0.4709734040829134
m, 4, 0.4627584791304677
4, m, 0.4627584791304677
N, 4, 0.5298276052356654
4, N, 0.5298276052356654
n, 4, 0.48801810368731596
4, n, 0.48801810368731596
O, 4, 0.4010384366674162
4, O, 0.4010384366674162
o, 4, 0.44870215403074926
4, o, 0.44870215403074926
P, 4, 0.514285380588614
4, P, 0.514285380588614
p, 4, 0.40217706161529226
4, p, 0.40217706161529226
Q, 4, 0.28984582871146747
4, Q, 0.28984582871146747
q, 4, 0.5653556692457397
4, q, 0.5653556692457397
R, 4, 0.5338577778251052
4, R, 0.5338577778251052
r, 4, 0.2863279503249711
4, r, 0.2863279503249711
S, 4, 0.354530061567348
4, S, 0.354530061567348
s, 4, 0.5243434835386114
4, s, 0.5243434835386114
T, 4, 0.40623888186295165
4, T, 0.40623888186295165
t, 4, 0.4179739139847481
4, t, 0.4179739139847481
U, 4, 0.30811654304420755
4, U, 0.30811654304420755
u, 4, 0.4584613424262259
4, u, 0.4584613424262259
V, 4, 0.31017858094244644
4, V, 0.31017858094244644
v, 4, 0.3093134036125047
4, v, 0.3093134036125047
W, 4, 0.41919846842082287
4, W, 0.41919846842082287
w, 4, 0.48735458498825274
4, w, 0.48735458498825274
X, 4, 0.4979159199760738
4, X, 0.4979159199760738
x, 4, 0.5654619506055715
4, x, 0.5654619506055715
Y, 4, 0.2924298239020636
4, Y, 0.2924298239020636
y, 4, 0.2689487280525407
4, y, 0.2689487280525407
Z, 4, 0.4335031501695388
4, Z, 0.4335031501695388
z, 4, 0.6228993703613223
4, z, 0.6228993703613223
6, 5, 0.721287291140973
5, 6, 0.721287291140973
7, 5, 0.3617798504474895
5, 7, 0.3617798504474895
8, 5, 0.642600163208141
5, 8, 0.642600163208141
9, 5, 0.6238132446605759
5, 9, 0.6238132446605759
A, 5, 0.41459403305154957
5, A, 0.41459403305154957
a, 5, 0.42755612041632046
5, a, 0.42755612041632046
B, 5, 0.7716559025247713
5, B, 0.7716559025247713
b, 5, 0.4944991711303244
5, b, 0.4944991711303244
C, 5, 0.383662112618174
5, C, 0.383662112618174
c, 5, 0.3778271855038793
5, c, 0.3778271855038793
D, 5, 0.5177498171789858
5, D, 0.5177498171789858
d, 5, 0.44227707447704395
5, d, 0.44227707447704395
E, 5, 0.6766936096248666
5, E, 0.6766936096248666
e, 5, 0.3934970596223186
5, e, 0.3934970596223186
F, 5, 0.5032240572838675
5, F, 0.5032240572838675
f, 5, 0.3670463200604688
5, f, 0.3670463200604688
G, 5, 0.5865478251497148
5, G, 0.5865478251497148
g, 5, 0.51400705460873
5, g, 0.51400705460873
H, 5, 0.40139137371244893
5, H, 0.40139137371244893
h, 5, 0.48065391868740515
5, h, 0.48065391868740515
I, 5, 0.3538664848660411
5, I, 0.3538664848660411
i, 5, 0.3256056236403975
5, i, 0.3256056236403975
J, 5, 0.5602429832420855
5, J, 0.5602429832420855
j, 5, 0.4077647871922536
5, j, 0.4077647871922536
K, 5, 0.45000697313971993
5, K, 0.45000697313971993
k, 5, 0.41133833032987516
5, k, 0.41133833032987516
L, 5, 0.3667762469159865
5, L, 0.3667762469159865
l, 5, 0.3214526670292841
5, l, 0.3214526670292841
M, 5, 0.32598773570513473
5, M, 0.32598773570513473
m, 5, 0.2903342281263183
5, m, 0.2903342281263183
N, 5, 0.48523914494184195
5, N, 0.48523914494184195
n, 5, 0.35881309701037556
5, n, 0.35881309701037556
O, 5, 0.4816275932769918
5, O, 0.4816275932769918
o, 5, 0.40722132506142433
5, o, 0.40722132506142433
P, 5, 0.5399657044917613
5, P, 0.5399657044917613
p, 5, 0.40896197076989865
5, p, 0.40896197076989865
Q, 5, 0.3918900374556284
5, Q, 0.3918900374556284
q, 5, 0.36665324667198845
5, q, 0.36665324667198845
R, 5, 0.5466025702968899
5, R, 0.5466025702968899
r, 5, 0.22926301801868013
5, r, 0.22926301801868013
S, 5, 0.7223158270239113
5, S, 0.7223158270239113
s, 5, 0.564480276069855
5, s, 0.564480276069855
T, 5, 0.3025673228689103
5, T, 0.3025673228689103
t, 5, 0.37029922121362563
5, t, 0.37029922121362563
U, 5, 0.428057209885486
5, U, 0.428057209885486
u, 5, 0.38610903311064954
5, u, 0.38610903311064954
V, 5, 0.40120949323688493
5, V, 0.40120949323688493
v, 5, 0.33624331700991467
5, v, 0.33624331700991467
W, 5, 0.4063731762089004
5, W, 0.4063731762089004
w, 5, 0.36326468320678074
5, w, 0.36326468320678074
X, 5, 0.38288226612750015
5, X, 0.38288226612750015
x, 5, 0.3818760771014374
5, x, 0.3818760771014374
Y, 5, 0.2965102081954524
5, Y, 0.2965102081954524
y, 5, 0.373466239288837
5, y, 0.373466239288837
Z, 5, 0.33456767939972254
5, Z, 0.33456767939972254
z, 5, 0.3830329623936991
5, z, 0.3830329623936991
7, 6, 0.28478111263069106
6, 7, 0.28478111263069106
8, 6, 0.677234281318605
6, 8, 0.677234281318605
9, 6, 0.5953360860115056
6, 9, 0.5953360860115056
A, 6, 0.5259940108721451
6, A, 0.5259940108721451
a, 6, 0.5482074988679624
6, a, 0.5482074988679624
B, 6, 0.7408447416127631
6, B, 0.7408447416127631
b, 6, 0.597320240379283
6, b, 0.597320240379283
C, 6, 0.5821651626110231
6, C, 0.5821651626110231
c, 6, 0.48787636544271296
6, c, 0.48787636544271296
D, 6, 0.5812778375813141
6, D, 0.5812778375813141
d, 6, 0.5518621724567426
6, d, 0.5518621724567426
E, 6, 0.6826444517850252
6, E, 0.6826444517850252
e, 6, 0.5759072727264742
6, e, 0.5759072727264742
F, 6, 0.4852105375805409
6, F, 0.4852105375805409
f, 6, 0.5158168907928508
6, f, 0.5158168907928508
G, 6, 0.7887537857375568
6, G, 0.7887537857375568
g, 6, 0.5926050290824976
6, g, 0.5926050290824976
H, 6, 0.45220052425853496
6, H, 0.45220052425853496
h, 6, 0.521311459270812
6, h, 0.521311459270812
I, 6, 0.3378243680644953
6, I, 0.3378243680644953
i, 6, 0.3010299956639812
6, i, 0.3010299956639812
J, 6, 0.39003800164237756
6, J, 0.39003800164237756
j, 6, 0.30009703186393494
6, j, 0.30009703186393494
K, 6, 0.5046174283060215
6, K, 0.5046174283060215
k, 6, 0.45781609952427577
6, k, 0.45781609952427577
L, 6, 0.3979400086720376
6, L, 0.3979400086720376
l, 6, 0.2579126012695145
6, l, 0.2579126012695145
M, 6, 0.4501180203371092
6, M, 0.4501180203371092
m, 6, 0.43972688984715325
6, m, 0.43972688984715325
N, 6, 0.5777655511126821
6, N, 0.5777655511126821
n, 6, 0.463653680019855
6, n, 0.463653680019855
O, 6, 0.6309729252409078
6, O, 0.6309729252409078
o, 6, 0.5797835966168101
6, o, 0.5797835966168101
P, 6, 0.6225816584725641
6, P, 0.6225816584725641
p, 6, 0.561396355328527
6, p, 0.561396355328527
Q, 6, 0.4974471095257521
6, Q, 0.4974471095257521
q, 6, 0.5220767238485201
6, q, 0.5220767238485201
R, 6, 0.5515239267298676
6, R, 0.5515239267298676
r, 6, 0.32781840112204863
6, r, 0.32781840112204863
S, 6, 0.6435149453918649
6, S, 0.6435149453918649
s, 6, 0.5657587417617289
6, s, 0.5657587417617289
T, 6, 0.34735556280258395
6, T, 0.34735556280258395
t, 6, 0.5347951537286103
6, t, 0.5347951537286103
U, 6, 0.519660650864956
6, U, 0.519660650864956
u, 6, 0.4913616938342727
6, u, 0.4913616938342727
V, 6, 0.4634415574284699
6, V, 0.4634415574284699
v, 6, 0.4342687548023945
6, v, 0.4342687548023945
W, 6, 0.4601802104976089
6, W, 0.4601802104976089
w, 6, 0.4444198616122307
6, w, 0.4444198616122307
X, 6, 0.45542784127866637
6, X, 0.45542784127866637
x, 6, 0.38528708957748886
6, x, 0.38528708957748886
Y, 6, 0.35987526686274013
6, Y, 0.35987526686274013
y, 6, 0.3269812322475187
6, y, 0.3269812322475187
Z, 6, 0.46749610326873975
6, Z, 0.46749610326873975
z, 6, 0.33154751966791945
6, z, 0.33154751966791945
8, 7, 0.4555230795970189
7, 8, 0.4555230795970189
9, 7, 0.4763196033948534
7, 9, 0.4763196033948534
A, 7, 0.39624243850321056
7, A, 0.39624243850321056
a, 7, 0.4280253792818718
7, a, 0.4280253792818718
B, 7, 0.4950974124483349
7, B, 0.4950974124483349
b, 7, 0.38646019098860757
7, b, 0.38646019098860757
C, 7, 0.2572904718095674
7, C, 0.2572904718095674
c, 7, 0.29168996940983777
7, c, 0.29168996940983777
D, 7, 0.41535766050139084
7, D, 0.41535766050139084
d, 7, 0.3843209334933839
7, d, 0.3843209334933839
E, 7, 0.35906344433618115
7, E, 0.35906344433618115
e, 7, 0.4131799752287745
7, e, 0.4131799752287745
F, 7, 0.39866202792712263
7, F, 0.39866202792712263
f, 7, 0.4092056166565339
7, f, 0.4092056166565339
G, 7, 0.30008690195590715
7, G, 0.30008690195590715
g, 7, 0.44624468824659264
7, g, 0.44624468824659264
H, 7, 0.179332277693514
7, H, 0.179332277693514
h, 7, 0.24512954492710728
7, h, 0.24512954492710728
I, 7, 0.43123297226463836
7, I, 0.43123297226463836
i, 7, 0.2553380639353278
7, i, 0.2553380639353278
J, 7, 0.4945171014016957
7, J, 0.4945171014016957
j, 7, 0.34837487436869563
7, j, 0.34837487436869563
K, 7, 0.4376612569426513
7, K, 0.4376612569426513
k, 7, 0.394404348857132
7, k, 0.394404348857132
L, 7, 0.16798502477311258
7, L, 0.16798502477311258
l, 7, 0.35067935691385255
7, l, 0.35067935691385255
M, 7, 0.3034931315787249
7, M, 0.3034931315787249
m, 7, 0.30746763811274486
7, m, 0.30746763811274486
N, 7, 0.33753128037741303
7, N, 0.33753128037741303
n, 7, 0.30035719230416486
7, n, 0.30035719230416486
O, 7, 0.32516367538070057
7, O, 0.32516367538070057
o, 7, 0.39966682797254355
7, o, 0.39966682797254355
P, 7, 0.43443602550645266
7, P, 0.43443602550645266
p, 7, 0.3819247929235361
7, p, 0.3819247929235361
Q, 7, 0.3020435188355334
7, Q, 0.3020435188355334
q, 7, 0.3576594738831802
7, q, 0.3576594738831802
R, 7, 0.43894707049379283
7, R, 0.43894707049379283
r, 7, 0.4030709736251724
7, r, 0.4030709736251724
S, 7, 0.3005070642559441
7, S, 0.3005070642559441
s, 7, 0.38145000649812966
7, s, 0.38145000649812966
T, 7, 0.5446942801933238
7, T, 0.5446942801933238
t, 7, 0.3902982663781623
7, t, 0.3902982663781623
U, 7, 0.3010299956639812
7, U, 0.3010299956639812
u, 7, 0.37345691456217506
7, u, 0.37345691456217506
V, 7, 0.4531627997307199
7, V, 0.4531627997307199
v, 7, 0.4407359082397007
7, v, 0.4407359082397007
W, 7, 0.2815675158945491
7, W, 0.2815675158945491
w, 7, 0.265668420499041
7, w, 0.265668420499041
X, 7, 0.48834499472627463
7, X, 0.48834499472627463
x, 7, 0.4425896045454036
7, x, 0.4425896045454036
Y, 7, 0.5003412554118111
7, Y, 0.5003412554118111
y, 7, 0.49581404978271093
7, y, 0.49581404978271093
Z, 7, 0.6426885537872858
7, Z, 0.6426885537872858
z, 7, 0.5381187118370745
7, z, 0.5381187118370745
9, 8, 0.6924194354744286
8, 9, 0.6924194354744286
A, 8, 0.5702840962335618
8, A, 0.5702840962335618
a, 8, 0.6202848114341615
8, a, 0.6202848114341615
B, 8, 0.8482069895600509
8, B, 0.8482069895600509
b, 8, 0.5754910824867617
8, b, 0.5754910824867617
C, 8, 0.5170825460460498
8, C, 0.5170825460460498
c, 8, 0.4105596224131129
8, c, 0.4105596224131129
D, 8, 0.63439317683174
8, D, 0.63439317683174
d, 8, 0.5689835325263762
8, d, 0.5689835325263762
E, 8, 0.6137519186526799
8, E, 0.6137519186526799
e, 8, 0.5815642494683501
8, e, 0.5815642494683501
F, 8, 0.4490925311194189
8, F, 0.4490925311194189
f, 8, 0.46156328413469594
8, f, 0.46156328413469594
G, 8, 0.6626533523445925
8, G, 0.6626533523445925
g, 8, 0.7692194295167176
8, g, 0.7692194295167176
H, 8, 0.5192677054392241
8, H, 0.5192677054392241
h, 8, 0.515385754814945
8, h, 0.515385754814945
I, 8, 0.35327783894896525
8, I, 0.35327783894896525
i, 8, 0.3450587029504701
8, i, 0.3450587029504701
J, 8, 0.4684005962093224
8, J, 0.4684005962093224
j, 8, 0.40941982635546764
8, j, 0.40941982635546764
K, 8, 0.5857879046025387
8, K, 0.5857879046025387
k, 8, 0.5901648937732296
8, k, 0.5901648937732296
L, 8, 0.3473300153169504
8, L, 0.3473300153169504
l, 8, 0.3048010278833248
8, l, 0.3048010278833248
M, 8, 0.5791107932569938
8, M, 0.5791107932569938
m, 8, 0.4815096881236365
8, m, 0.4815096881236365
N, 8, 0.6686220523210694
8, N, 0.6686220523210694
n, 8, 0.44204887394853487
8, n, 0.44204887394853487
O, 8, 0.6343707581613911
8, O, 0.6343707581613911
o, 8, 0.4969034273111528
8, o, 0.4969034273111528
P, 8, 0.5640009262367913
8, P, 0.5640009262367913
p, 8, 0.5458845453543263
8, p, 0.5458845453543263
Q, 8, 0.5416974703696499
8, Q, 0.5416974703696499
q, 8, 0.5519092274957293
8, q, 0.5519092274957293
R, 8, 0.7065351034609395
8, R, 0.7065351034609395
r, 8, 0.34730666677889993
8, r, 0.34730666677889993
S, 8, 0.6764130576242166
8, S, 0.6764130576242166
s, 8, 0.5371191843949479
8, s, 0.5371191843949479
T, 8, 0.38477856261406673
8, T, 0.38477856261406673
t, 8, 0.49562782958233875
8, t, 0.49562782958233875
U, 8, 0.5850855753698739
8, U, 0.5850855753698739
u, 8, 0.49805516155530544
8, u, 0.49805516155530544
V, 8, 0.5250050383007795
8, V, 0.5250050383007795
v, 8, 0.4497580239432296
8, v, 0.4497580239432296
W, 8, 0.5805545888290438
8, W, 0.5805545888290438
w, 8, 0.47562626363271127
8, w, 0.47562626363271127
X, 8, 0.5890273459674616
8, X, 0.5890273459674616
x, 8, 0.5143426928023603
8, x, 0.5143426928023603
Y, 8, 0.4682031901911517
8, Y, 0.4682031901911517
y, 8, 0.5013473473491474
8, y, 0.5013473473491474
Z, 8, 0.5652496295547611
8, Z, 0.5652496295547611
z, 8, 0.4050195739228123
8, z, 0.4050195739228123
A, 9, 0.472904770318499
9, A, 0.472904770318499
a, 9, 0.5452595251576944
9, a, 0.5452595251576944
B, 9, 0.7839986328434049
9, B, 0.7839986328434049
b, 9, 0.557028244612114
9, b, 0.557028244612114
C, 9, 0.39996469523845213
9, C, 0.39996469523845213
c, 9, 0.44441474874653003
9, c, 0.44441474874653003
D, 9, 0.6714302260103812
9, D, 0.6714302260103812
d, 9, 0.569470615505738
9, d, 0.569470615505738
E, 9, 0.5000941065300177
9, E, 0.5000941065300177
e, 9, 0.6120368131242071
9, e, 0.6120368131242071
F, 9, 0.4520030842565906
9, F, 0.4520030842565906
f, 9, 0.4448554781761643
9, f, 0.4448554781761643
G, 9, 0.5881055545166769
9, G, 0.5881055545166769
g, 9, 0.5825864909537741
9, g, 0.5825864909537741
H, 9, 0.49358936917835
9, H, 0.49358936917835
h, 9, 0.47984411305513575
9, h, 0.47984411305513575
I, 9, 0.34876425104805775
9, I, 0.34876425104805775
i, 9, 0.23913870998142436
9, i, 0.23913870998142436
J, 9, 0.4826117764179236
9, J, 0.4826117764179236
j, 9, 0.37645109283829925
9, j, 0.37645109283829925
K, 9, 0.4843446142818122
9, K, 0.4843446142818122
k, 9, 0.48403807750043026
9, k, 0.48403807750043026
L, 9, 0.24560918842392662
9, L, 0.24560918842392662
l, 9, 0.2638132511598924
9, l, 0.2638132511598924
M, 9, 0.5058846181599869
9, M, 0.5058846181599869
m, 9, 0.4857774680949106
9, m, 0.4857774680949106
N, 9, 0.597030884057967
9, N, 0.597030884057967
n, 9, 0.5028713404597731
9, n, 0.5028713404597731
O, 9, 0.6449508412370344
9, O, 0.6449508412370344
o, 9, 0.6320232147054056
9, o, 0.6320232147054056
P, 9, 0.6184122294595906
9, P, 0.6184122294595906
p, 9, 0.6075613320772393
9, p, 0.6075613320772393
Q, 9, 0.5277081220872629
9, Q, 0.5277081220872629
q, 9, 0.5700702482524518
9, q, 0.5700702482524518
R, 9, 0.5789110323458054
9, R, 0.5789110323458054
r, 9, 0.2844170770000693
9, r, 0.2844170770000693
S, 9, 0.6224049980189951
9, S, 0.6224049980189951
s, 9, 0.5041794874536984
9, s, 0.5041794874536984
T, 9, 0.33740832064407805
9, T, 0.33740832064407805
t, 9, 0.44190981682418595
9, t, 0.44190981682418595
U, 9, 0.5659942721552145
9, U, 0.5659942721552145
u, 9, 0.5177843234406493
9, u, 0.5177843234406493
V, 9, 0.61965929205345
9, V, 0.61965929205345
v, 9, 0.5126142915557351
9, v, 0.5126142915557351
W, 9, 0.5342756035941244
9, W, 0.5342756035941244
w, 9, 0.5071457888167534
9, w, 0.5071457888167534
X, 9, 0.4575512973407902
9, X, 0.4575512973407902
x, 9, 0.4147605106806462
9, x, 0.4147605106806462
Y, 9, 0.48056350113067975
9, Y, 0.48056350113067975
y, 9, 0.5236792883307976
9, y, 0.5236792883307976
Z, 9, 0.47550577431294483
9, Z, 0.47550577431294483
z, 9, 0.34081436705022833
9, z, 0.34081436705022833
a, A, 0.6373605905041542
A, a, 0.6373605905041542
B, A, 0.5285044001322708
A, B, 0.5285044001322708
b, A, 0.44015634813617255
A, b, 0.44015634813617255
C, A, 0.41152915162636966
A, C, 0.41152915162636966
c, A, 0.4637969746895904
A, c, 0.4637969746895904
D, A, 0.3697570885560953
A, D, 0.3697570885560953
d, A, 0.5022582095279516
A, d, 0.5022582095279516
E, A, 0.38439481167266487
A, E, 0.38439481167266487
e, A, 0.5039160832486712
A, e, 0.5039160832486712
F, A, 0.38453855460469594
A, F, 0.38453855460469594
f, A, 0.4473917953104916
A, f, 0.4473917953104916
G, A, 0.4883097875597343
A, G, 0.4883097875597343
g, A, 0.6066705277617691
A, g, 0.6066705277617691
H, A, 0.37320668671224844
A, H, 0.37320668671224844
h, A, 0.4926298235263364
A, h, 0.4926298235263364
I, A, 0.2591378343358041
A, I, 0.2591378343358041
i, A, 0.44406695436507737
A, i, 0.44406695436507737
J, A, 0.3275280851117026
A, J, 0.3275280851117026
j, A, 0.2702262180089655
A, j, 0.2702262180089655
K, A, 0.5903816098677201
A, K, 0.5903816098677201
k, A, 0.5210878376624567
A, k, 0.5210878376624567
L, A, 0.3068595393247051
A, L, 0.3068595393247051
l, A, 0.26234996443370767
A, l, 0.26234996443370767
M, A, 0.5133673288207427
A, M, 0.5133673288207427
m, A, 0.4460626213852154
A, m, 0.4460626213852154
N, A, 0.5827744716219762
A, N, 0.5827744716219762
n, A, 0.48794176707114734
A, n, 0.48794176707114734
O, A, 0.45757773178183403
A, O, 0.45757773178183403
o, A, 0.4320591918206385
A, o, 0.4320591918206385
P, A, 0.5842818955443956
A, P, 0.5842818955443956
p, A, 0.5029108981015048
A, p, 0.5029108981015048
Q, A, 0.32874298353101367
A, Q, 0.32874298353101367
q, A, 0.5299583105311123
A, q, 0.5299583105311123
R, A, 0.6435472699773742
A, R, 0.6435472699773742
r, A, 0.3485351524941764
A, r, 0.3485351524941764
S, A, 0.45363015565741777
A, S, 0.45363015565741777
s, A, 0.569336146519339
A, s, 0.569336146519339
T, A, 0.29659838086490625
A, T, 0.29659838086490625
t, A, 0.4225757893749418
A, t, 0.4225757893749418
U, A, 0.2791087552443156
A, U, 0.2791087552443156
u, A, 0.4069881376494347
A, u, 0.4069881376494347
V, A, 0.35234104867778904
A, V, 0.35234104867778904
v, A, 0.3000032942829666
A, v, 0.3000032942829666
W, A, 0.4822325396903866
A, W, 0.4822325396903866
w, A, 0.41934796738336744
A, w, 0.41934796738336744
X, A, 0.5997271594954909
A, X, 0.5997271594954909
x, A, 0.5114363770824638
A, x, 0.5114363770824638
Y, A, 0.300545021317768
A, Y, 0.300545021317768
y, A, 0.37486636633606857
A, y, 0.37486636633606857
Z, A, 0.4586378490256493
A, Z, 0.4586378490256493
z, A, 0.49910986565386495
A, z, 0.49910986565386495
B, a, 0.6281908481851203
a, B, 0.6281908481851203
b, a, 0.6010923834670882
a, b, 0.6010923834670882
C, a, 0.31298269033557413
a, C, 0.31298269033557413
c, a, 0.45560381473354417
a, c, 0.45560381473354417
D, a, 0.4429669784853567
a, D, 0.4429669784853567
d, a, 0.6548732977568082
a, d, 0.6548732977568082
E, a, 0.3924075200720766
a, E, 0.3924075200720766
e, a, 0.6691691643898573
a, e, 0.6691691643898573
F, a, 0.35970761076710145
a, F, 0.35970761076710145
f, a, 0.42251919482061256
a, f, 0.42251919482061256
G, a, 0.4981820833014862
a, G, 0.4981820833014862
g, a, 0.5827229951939711
a, g, 0.5827229951939711
H, a, 0.4083264006752363
a, H, 0.4083264006752363
h, a, 0.556031755656918
a, h, 0.556031755656918
I, a, 0.27405666622080305
a, I, 0.27405666622080305
i, a, 0.3961139605078134
a, i, 0.3961139605078134
J, a, 0.37255827748308057
a, J, 0.37255827748308057
j, a, 0.2841909281116312
a, j, 0.2841909281116312
K, a, 0.5659256625424384
a, K, 0.5659256625424384
k, a, 0.5729247843727494
a, k, 0.5729247843727494
L, a, 0.31476980707830987
a, L, 0.31476980707830987
l, a, 0.2680071186090452
a, l, 0.2680071186090452
M, a, 0.47561763700798476
a, M, 0.47561763700798476
m, a, 0.48757814610414585
a, m, 0.48757814610414585
N, a, 0.5783487360020058
a, N, 0.5783487360020058
n, a, 0.6046222080925628
a, n, 0.6046222080925628
O, a, 0.44493657134826115
a, O, 0.44493657134826115
o, a, 0.6112105061995192
a, o, 0.6112105061995192
P, a, 0.6071141819920205
a, P, 0.6071141819920205
p, a, 0.6094003544937058
a, p, 0.6094003544937058
Q, a, 0.3542450532515051
a, Q, 0.3542450532515051
q, a, 0.593614675863604
a, q, 0.593614675863604
R, a, 0.636274091859064
a, R, 0.636274091859064
r, a, 0.41213812095245395
a, r, 0.41213812095245395
S, a, 0.46310124568434646
a, S, 0.46310124568434646
s, a, 0.6555912129027729
a, s, 0.6555912129027729
T, a, 0.3295990140498191
a, T, 0.3295990140498191
t, a, 0.4727375673589083
a, t, 0.4727375673589083
U, a, 0.4590594580695455
a, U, 0.4590594580695455
u, a, 0.605702297009789
a, u, 0.605702297009789
V, a, 0.43482397752036717
a, V, 0.43482397752036717
v, a, 0.4449526864703211
a, v, 0.4449526864703211
W, a, 0.4931316425751341
a, W, 0.4931316425751341
w, a, 0.5613799784669832
a, w, 0.5613799784669832
X, a, 0.5707286321776333
a, X, 0.5707286321776333
x, a, 0.5948500440373913
a, x, 0.5948500440373913
Y, a, 0.3631779024128256
a, Y, 0.3631779024128256
y, a, 0.3925812875149963
a, y, 0.3925812875149963
Z, a, 0.4788503657572084
a, Z, 0.4788503657572084
z, a, 0.6135031426698702
a, z, 0.6135031426698702
b, B, 0.6412537123862493
B, b, 0.6412537123862493
C, B, 0.4780542185197087
B, C, 0.4780542185197087
c, B, 0.40420534920347684
B, c, 0.40420534920347684
D, B, 0.7851721772832722
B, D, 0.7851721772832722
d, B, 0.5709045840864673
B, d, 0.5709045840864673
E, B, 0.7741112725819036
B, E, 0.7741112725819036
e, B, 0.6010923834670882
B, e, 0.6010923834670882
F, B, 0.623098585275575
B, F, 0.623098585275575
f, B, 0.4839259231792116
B, f, 0.4839259231792116
G, B, 0.6868493716601654
B, G, 0.6868493716601654
g, B, 0.7059188642913466
B, g, 0.7059188642913466
H, B, 0.6776319488056768
B, H, 0.6776319488056768
h, B, 0.608308940604964
B, h, 0.608308940604964
I, B, 0.41871823863234287
B, I, 0.41871823863234287
i, B, 0.3309932190414244
B, i, 0.3309932190414244
J, B, 0.5451008497880435
B, J, 0.5451008497880435
j, B, 0.46337482331582236
B, j, 0.46337482331582236
K, B, 0.6118922774423602
B, K, 0.6118922774423602
k, B, 0.6232492903979004
B, k, 0.6232492903979004
L, B, 0.47528199529767734
B, L, 0.47528199529767734
l, B, 0.3179775568700665
B, l, 0.3179775568700665
M, B, 0.5509564614331631
B, M, 0.5509564614331631
m, B, 0.4811332415135682
B, m, 0.4811332415135682
N, B, 0.6850342263927263
B, N, 0.6850342263927263
n, B, 0.5943766497243832
B, n, 0.5943766497243832
O, B, 0.6729319388363616
B, O, 0.6729319388363616
o, B, 0.5434815561019236
B, o, 0.5434815561019236
P, B, 0.6788745040964803
B, P, 0.6788745040964803
p, B, 0.6661114736891619
B, p, 0.6661114736891619
Q, B, 0.5432545046520556
B, Q, 0.5432545046520556
q, B, 0.5581545056288807
B, q, 0.5581545056288807
R, B, 0.7576664031825218
B, R, 0.7576664031825218
r, B, 0.41408219855114825
B, r, 0.41408219855114825
S, B, 0.6625145124052867
B, S, 0.6625145124052867
s, B, 0.5774590241319985
B, s, 0.5774590241319985
T, B, 0.46424100713249916
B, T, 0.46424100713249916
t, B, 0.48337020399666397
B, t, 0.48337020399666397
U, B, 0.6584899240985492
B, U, 0.6584899240985492
u, B, 0.5986705326957282
B, u, 0.5986705326957282
V, B, 0.5578243691767207
B, V, 0.5578243691767207
v, B, 0.3912925143712851
B, v, 0.3912925143712851
W, B, 0.5546004577084819
B, W, 0.5546004577084819
w, B, 0.47872283421846373
B, w, 0.47872283421846373
X, B, 0.5073811476092249
B, X, 0.5073811476092249
x, B, 0.4416244906098475
B, x, 0.4416244906098475
Y, B, 0.4058031289916132
B, Y, 0.4058031289916132
y, B, 0.4651713017402103
B, y, 0.4651713017402103
Z, B, 0.5303518989204715
B, Z, 0.5303518989204715
z, B, 0.39083966825409866
B, z, 0.39083966825409866
C, b, 0.38579111909244257
b, C, 0.38579111909244257
c, b, 0.5547678896938192
b, c, 0.5547678896938192
D, b, 0.6053786870887478
b, D, 0.6053786870887478
d, b, 0.6433277176356913
b, d, 0.6433277176356913
E, b, 0.4977909347535934
b, E, 0.4977909347535934
e, b, 0.6480746891700099
b, e, 0.6480746891700099
F, b, 0.4049827762286359
b, F, 0.4049827762286359
f, b, 0.3969427763580889
b, f, 0.3969427763580889
G, b, 0.52680903890877
b, G, 0.52680903890877
g, b, 0.5966312396165642
b, g, 0.5966312396165642
H, b, 0.5857380272609692
b, H, 0.5857380272609692
h, b, 0.730378468587643
b, h, 0.730378468587643
I, b, 0.3465238780333137
b, I, 0.3465238780333137
i, b, 0.4007546295534991
b, i, 0.4007546295534991
J, b, 0.27317586281258277
b, J, 0.27317586281258277
j, b, 0.2878860216749646
b, j, 0.2878860216749646
K, b, 0.5202962134964658
b, K, 0.5202962134964658
k, b, 0.5983556213504301
b, k, 0.5983556213504301
L, b, 0.5348977244009898
b, L, 0.5348977244009898
l, b, 0.4318297454074511
b, l, 0.4318297454074511
M, b, 0.49369035615285534
b, M, 0.49369035615285534
m, b, 0.5244666610599695
b, m, 0.5244666610599695
N, b, 0.5914424186918257
b, N, 0.5914424186918257
n, b, 0.6283409973222784
b, n, 0.6283409973222784
O, b, 0.5863089611881136
b, O, 0.5863089611881136
o, b, 0.698240710324332
b, o, 0.698240710324332
P, b, 0.631672835919234
b, P, 0.631672835919234
p, b, 0.736136277567863
b, p, 0.736136277567863
Q, b, 0.4797218282501878
b, Q, 0.4797218282501878
q, b, 0.5909010337489519
b, q, 0.5909010337489519
R, b, 0.5027544872749703
b, R, 0.5027544872749703
r, b, 0.46102637748941266
b, r, 0.46102637748941266
S, b, 0.4963943775738409
b, S, 0.4963943775738409
s, b, 0.519701741486371
b, s, 0.519701741486371
T, b, 0.3849042706957981
b, T, 0.3849042706957981
t, b, 0.599996830764189
b, t, 0.599996830764189
U, b, 0.6565304054962877
b, U, 0.6565304054962877
u, b, 0.6247488432364889
b, u, 0.6247488432364889
V, b, 0.5404915302713514
b, V, 0.5404915302713514
v, b, 0.4326579815556815
b, v, 0.4326579815556815
W, b, 0.5169497182880819
b, W, 0.5169497182880819
w, b, 0.5110719545619947
b, w, 0.5110719545619947
X, b, 0.4314354062709781
b, X, 0.4314354062709781
x, b, 0.40607818212901997
b, x, 0.40607818212901997
Y, b, 0.3300248920362453
b, Y, 0.3300248920362453
y, b, 0.370945144214455
b, y, 0.370945144214455
Z, b, 0.3695318228528927
b, Z, 0.3695318228528927
z, b, 0.3808835986684839
b, z, 0.3808835986684839
c, C, 0.5397680638575516
C, c, 0.5397680638575516
D, C, 0.5222906687085533
C, D, 0.5222906687085533
d, C, 0.4470342595800449
C, d, 0.4470342595800449
E, C, 0.5959286732764643
C, E, 0.5959286732764643
e, C, 0.390922045811611
C, e, 0.390922045811611
F, C, 0.36003765386559655
C, F, 0.36003765386559655
f, C, 0.42850600033764136
C, f, 0.42850600033764136
G, C, 0.6858966080478629
C, G, 0.6858966080478629
g, C, 0.5700907852529206
C, g, 0.5700907852529206
H, C, 0.3358322048348891
C, H, 0.3358322048348891
h, C, 0.3183306753724982
C, h, 0.3183306753724982
I, C, 0.4362667955342829
C, I, 0.4362667955342829
i, C, 0.3673740170064338
C, i, 0.3673740170064338
J, C, 0.3142278048963105
C, J, 0.3142278048963105
j, C, 0.23908307081993888
C, j, 0.23908307081993888
K, C, 0.48264620224111376
C, K, 0.48264620224111376
k, C, 0.39088697637706343
C, k, 0.39088697637706343
L, C, 0.5131189079911813
C, L, 0.5131189079911813
l, C, 0.3343371776750187
C, l, 0.3343371776750187
M, C, 0.3309932190414244
C, M, 0.3309932190414244
m, C, 0.3679088259044388
C, m, 0.3679088259044388
N, C, 0.44015634813617255
C, N, 0.44015634813617255
n, C, 0.3432863758007439
C, n, 0.3432863758007439
O, C, 0.6382380199923032
C, O, 0.6382380199923032
o, C, 0.3809483263184624
C, o, 0.3809483263184624
P, C, 0.3023054576142238
C, P, 0.3023054576142238
p, C, 0.3734086233580168
C, p, 0.3734086233580168
Q, C, 0.507138151023319
C, Q, 0.507138151023319
q, C, 0.433844425686886
C, q, 0.433844425686886
R, C, 0.4000689074541594
C, R, 0.4000689074541594
